<?xml version="1.0"?>
<opencv_storage>
<calibration_time>"Mon Apr 11 15:20:23 2016"</calibration_time>
<nr_of_frames>25</nr_of_frames>
<image_width>640</image_width>
<image_height>480</image_height>
<board_width>8</board_width>
<board_height>7</board_height>
<square_size>6.6500000000000000e+01</square_size>
<fix_aspect_ratio>1.</fix_aspect_ratio>
<!-- flags:  +fix_aspect_ratio +fix_principal_point +zero_tangent_dist -->
<flags>14</flags>
<camera_matrix type_id="opencv-matrix">
  <rows>3</rows>
  <cols>3</cols>
  <dt>d</dt>
  <data>
    9.0009237373523797e+02 0. 3.1950000000000000e+02 0.
    9.0009237373523797e+02 2.3950000000000000e+02 0. 0. 1.</data></camera_matrix>
<distortion_coefficients type_id="opencv-matrix">
  <rows>5</rows>
  <cols>1</cols>
  <dt>d</dt>
  <data>
    -1.4349790898205966e-02 -1.3415250338512625e+00 0. 0.
    8.8551824352366477e+00</data></distortion_coefficients>
<avg_reprojection_error>1.2575228153382585e+00</avg_reprojection_error>
<per_view_reprojection_errors type_id="opencv-matrix">
  <rows>25</rows>
  <cols>1</cols>
  <dt>f</dt>
  <data>
    1.00301826e+00 1.16681051e+00 1.26558352e+00 1.33672011e+00
    2.31849408e+00 9.10408914e-01 9.12711263e-01 1.52788544e+00
    1.27246988e+00 1.94794035e+00 2.07623148e+00 2.39755797e+00
    1.65572202e+00 1.12145543e+00 5.53277314e-01 5.13231277e-01
    5.29920697e-01 5.28858244e-01 7.32619405e-01 8.47981215e-01
    7.37204492e-01 5.83657086e-01 5.71939528e-01 6.27995014e-01
    9.71153796e-01</data></per_view_reprojection_errors>
<extrinsic_parameters type_id="opencv-matrix">
  <rows>25</rows>
  <cols>6</cols>
  <dt>d</dt>
  <data>
    4.0598634634421782e-01 -2.0844396772380769e-01
    -3.0384474201416229e+00 1.9185014898733419e+02
    2.2696284602283382e+02 1.0588357894897995e+03 4.4504220996483390e-01
    -1.9812248759615267e-01 -3.0505505935539685e+00
    2.2111517586879302e+02 2.1878803091185665e+02 1.0641728332312025e+03
    5.2772833428329646e-01 -1.6404113690069083e-01
    -3.0555862356574610e+00 3.0450049066584046e+02
    2.0695124659861099e+02 1.0849228333180520e+03
    -1.7025973576234299e-01 -4.3330115992989260e-01
    -2.9795784591864454e+00 2.7196100067231203e+02
    1.8243923297617880e+02 9.2300775925994265e+02
    -9.3880675703121275e-01 -4.4823883134173326e-01
    -2.8417124813394050e+00 2.2627497889637590e+02
    1.6711449423305612e+02 8.5891411756966352e+02 2.8293899108953835e-01
    -2.5111893965323756e-01 -2.9432884872055691e+00
    1.3225421161880450e+02 2.6548732941506267e+02 1.1197018110298668e+03
    3.1044446131551812e-01 -3.0857236679530264e-01
    -2.8868165449765892e+00 1.0882552234832126e+02
    2.4499313608693166e+02 1.1462777667315161e+03
    -4.1223207194273920e-01 -3.0812905723319123e-01
    -2.9436749803342916e+00 7.7869254184567282e+01
    2.2823215115071707e+02 9.8551518112003396e+02
    -3.0931158112454532e-01 -2.0244903835896452e-01
    -2.8949631265457278e+00 9.6979986268469190e+01
    2.4452236871996226e+02 1.0304503606991191e+03
    -9.9281850738442101e-01 -3.2141295539767017e-01
    -2.8668755005886095e+00 1.0839555805527587e+02
    2.0279028469158590e+02 9.4652884618044823e+02
    -1.1486414017909137e+00 -3.3570595215029730e-01
    -2.8170864535408979e+00 1.1574862917568534e+02
    2.0026501239780251e+02 9.0895147632319697e+02
    -1.2666276915493864e+00 -4.2827000256953240e-01
    -2.7954339998143833e+00 1.3203565181817322e+02
    1.9935731041008856e+02 8.6644716310760327e+02
    -5.7015235896808025e-01 -3.4492330224692924e-01
    -2.6804278244357285e+00 8.7897195632212927e+01
    2.1012092965113857e+02 9.9087194931938382e+02
    -4.7359255560165292e-01 -2.8640642331768040e-01
    -2.7384396398804296e+00 1.0160425544171777e+02
    1.9513149760997715e+02 1.1955439088148908e+03 1.0951009832170541e-01
    -4.6735866179223889e-01 -3.0325260140221091e+00
    1.3665925736915389e+02 1.3261962926130624e+02 1.3923734075799412e+03
    1.4312803865281457e-01 -4.2274387601279634e-01
    -3.0684648612086520e+00 1.5002127158525477e+02
    1.4918285678848213e+02 1.3891374772750494e+03
    -1.9475729381237006e-01 3.2826763114816437e-01
    3.0957641860783789e+00 1.5547635549529096e+02 2.0897265735823106e+02
    1.4198920231923412e+03 -2.3522642140258054e-01
    3.2416982085686535e-01 3.0131363329012553e+00 1.5464996403358546e+02
    2.5100876985062277e+02 1.4048325886364096e+03
    -2.3468215958767258e-01 3.5139847079387793e-01
    3.0172340787501968e+00 7.3855283953371895e+01 2.6455302928581659e+02
    1.3728738704571422e+03 -2.3832648386017147e-01
    3.5420229774738832e-01 3.0224261258641936e+00 8.0033423505622082e+01
    2.5981317080775756e+02 1.3818159014477071e+03
    -3.6097843064282009e-01 3.9237780185950016e-01
    2.9854746756421626e+00 2.1124698329917754e+02 2.4762623675326176e+02
    1.3916694991613788e+03 -1.3534819852220895e-01
    4.1395201282403887e-01 3.0185116767040805e+00 3.3245800480983951e+02
    2.2928482452138530e+02 1.3595715774520329e+03
    -1.9526053702423895e-02 4.4268244053068467e-01
    3.0310554861472516e+00 3.5390724033523122e+02 2.2259576262619578e+02
    1.3401443637875575e+03 -4.9628107011458235e-03
    4.8617041538936084e-01 3.0682100636182548e+00 3.7783231706633836e+02
    1.4985127056726236e+02 1.3180844181028694e+03 2.8731003138525561e-02
    7.7248439964181415e-01 3.0228118187693651e+00 3.7039964984264378e+02
    1.0815676368536974e+02 1.3001916663933850e+03</data></extrinsic_parameters>
